%Weight data
y=[-0.07823358, 0.036483012, 0.023191258, -0.030578785, -0.066693835, -0.0854588, 0.08300646, 0.08942385, -0.11829137, -0.013333141, -0.07403876, 0.10446264, -0.0056504924, -0.07293615, 0.09306226, -0.02272057, 0.10528777, 0.0033772867, 0.05895922, 0.004327648, 0.007880116, -0.007982012, -0.02346343, -0.021149963, -0.14343587, 0.060619462, -0.017020343, 0.0466622, -0.0023637738, -0.1394115, -0.025693009, -0.045585092, 0.11406694, 0.06605256, 0.08267429, -0.032339267, -0.08646445, 0.023823919, -0.058365516, -0.06329959, 0.03088722, -0.0681865, 0.024144359, 0.018830607, 0.073954396, 0.062303334, -0.092773594, -0.024946135, -0.06477076, -0.10998212, 0.09022007, -0.008706043, -0.010750936, -0.092770554, -0.08854947, -0.04611184, 0.03377814, -0.06946026, -0.015279668, -0.09689598, 0.105069585, 0.06281916, 0.052788198, -0.04716059, -0.0050950465, -0.045496017, 0.036378097, -0.036254294, 0.01855796, 0.11275769, 0.080049716, -0.08884576, 0.085176334, -0.036098063, 0.08046631, 0.008654743, -0.052356284, -0.06148749, 0.045361444, -0.10486241, 0.026779855, -0.07999122, 0.11058479, 0.044780087, 0.025129262, 0.06437333, 0.04211642, -0.0101183, 0.05465461, -0.08255355, -0.06564422, 0.059500016, 0.011849151, -0.0030775864, -0.089061156, 0.04785844, 0.08207179, 0.008126591, 0.10400653, 0.0067659705, -0.0796457, 0.11147225, 0.058147557, 0.06509853, -0.06336494, -0.09358208, -0.013097775, -0.042526584, 0.032579888, 0.11175599, 0.059967287, 0.0031134244, -0.07826652, -0.103837244, -0.060524236, -0.06133329, -0.14628379, -0.00027663456, -0.007726543, 0.028311793, 0.062065877, -0.020515855, 0.07635802, -0.12706412, 0.06209806, 0.04437406, -0.05928555, -0.07670137, -0.02398678, 0.065054454, 0.0018625982, -0.13011803, -0.03246126, 0.00083278754, -0.05125616, 0.10150898, -0.017208248, 0.021759547, -0.12802114, -0.026744707, -0.05097659, 0.027193421, -0.0028606812, -0.08272114, 0.08111431, 0.03175934, -0.09664833, -0.052566092, -0.119504005, -0.121057525, -0.0025585445, 0.10065011, 0.043200996, -0.100719124, 0.084012456, -0.047567166, 0.03869142, -0.019688971, -0.01255515, 0.087166175, 0.024723971, -0.0183944, -0.0018622207, -0.08454035, 0.0724082, 0.020561479, -0.079297885, -0.099633135, 0.09083268, -0.026335834, 0.017297642, 0.07453839, 0.026781961, -0.035677906, -0.052836094, 0.098903574, 0.101426035, 0.08467944, -0.048275996, 0.10063886, 0.072023295, -0.0020786768, -0.08507581, -0.08312145, -0.082591616, -0.11272094, -0.11838837, -0.07308268, 0.02731154, 0.018327735, 0.0487386, -0.059277177, -0.0357025, 0.070758596, 0.04837331, 0.09040934, 0.04967485, 0.004220202, -0.13225341, 0.060381398, -0.029936474, -0.08929155, 0.06547212, -0.10580234, 0.05767494, 0.05627891, -0.01685736, -0.08883569, 0.063161716, 0.07510806, -0.088413574, -0.16631822, -0.013542988, -0.028250327, 0.016346216, -0.031058444, 0.041276153, 0.029487161, -0.13452686, -0.12862928, -0.073844016, -0.07946574, -0.060389776, 0.0005943128, -0.0844686, 0.07297822, -0.05023131, -0.04803074, -0.002888802, 0.0681835, -0.02005998, -0.00017015534, 0.0026722422, -0.03057498, 0.070158996, -0.041214813, -0.040409572, -0.014700972, 0.082512364, -0.062960535, -0.13176024, 0.09721767, 0.112854786, 0.09106334, 0.041466676, 0.019262146, 0.07480657, -0.031724386, -0.016584028, 0.018766345, 0.035598338, -0.012618444, 0.05467189, 0.046374727, -0.0011996118, 0.024074305, -0.058926824, -0.050460026, -0.0136781875, 0.05527093, 0.029210862, 0.0070130234, -0.14084743, 0.008191869, -0.020984363, 0.015327528, -0.06659357, 0.0019080283, -0.101334855, 0.024182295, -0.03351183, -0.11082733, 0.025875473, -0.07064931, 0.092348, 0.113634326, 0.011320893, 0.07773956, -0.067790516, -0.09788858, 0.09254622, -0.15924375, 0.092090786, 0.094132, -0.041661873, 0.064316, 0.061852667, -0.028151441, 0.061489377, 0.0274213, 0.012880723, -0.053416636, -0.0788365, -0.041994493, 0.06443023, -0.05845922, 0.11753042, 0.06791104, -0.14742464, 0.05503936, 0.10190637, 0.051627275, -0.07823757, 0.03198388, -0.09660494, 0.0019219649, -0.12891829, -0.12936021, 0.048791997, 0.014237638, 0.029077359, 0.095637806, 0.08247171, 0.05239014, -0.042097483, 0.04077741, -0.058296263, -0.031571407, -0.041995715, 0.0401663, 0.038290538, -0.054068167, -0.06876775, 0.050582964, -0.06012913, -0.037539396, 0.05023785, -0.12623918, -0.016739521, -0.08373734, -0.0041901525, -0.118087865, -0.025891569, -0.13180093, -0.003652655, 0.05819424, -0.0681516, 0.0009882876, 0.014008862, 0.010279206, 0.051820256, -0.040411763, -0.010503959, 0.029404907, -0.06465759, 0.08835417, 0.010190048, 0.07633213, -0.056497723, -0.09011344, -0.057093956, -0.007283235, 0.08090212, -0.106556445, -0.05075344, -0.103267886, -0.09632894, -0.1098034, 0.09665792, -0.07527306, -0.07415938, 0.028140591, -0.036991082, -0.008850566, -0.08910919, 0.022243954, -0.000451026, 0.034626145, 0.0375567, 0.012066778, 0.047149744, 0.07087562, -0.033247277, -0.050964043, 0.071885504, -0.041786358, 0.009142664, -0.09172966, 0.042902067, -0.027564963, 0.07638246, -0.1715347, 0.020914622, 0.06953328, 0.08874989, -0.025142971, 0.0855826, 0.09191577, -0.08993391, -0.007421784, 0.03279624, 0.03260031, 0.053537425, 0.033382233, 0.031906642, -0.0073460033, -0.088466845, 0.075260095, 0.04589461, 0.10671468, 0.034770183, -0.11997704, 0.0040410017, -0.043310966, -0.0003322175, 0.05962422, 0.067456186, -0.030887306, -0.08190109, -0.11566464, 0.028245326, 0.08468945, -0.07444047, -0.09197773, -0.11669482, -0.02175151, -0.11133219, -0.042056885, -0.019565025, 0.045052547, -0.046506297, 0.0067870747, 0.009928176, -0.015882777, -0.084633775, 0.0168228, 0.06170023, 0.07030947, -0.0063750157, 0.051543824, 0.0769465, 0.054614373, -0.07230552, 0.021963503, -0.09351151, -0.05327339, -0.122824006, -0.11374557, 0.08027782, 0.08690811, -0.023023507, -0.030594539, -0.09191212, -0.00966055, 0.06163323, -0.059802335, -0.08625522, -0.015437192, 0.12514946, -0.008718777, -0.026301278, -0.08979866, 0.07855324, 0.11393467, 0.03481584, 0.09237005, 0.124420084, -0.027723532, -0.12005602, 0.044081897, 0.06469649, 0.11929275, 0.07739844, -0.019147437, -0.021956278, -0.05771384, 0.050575886, 0.039250404, -0.07929461, 0.07737166, -0.10409187, -0.14984389, 0.058966536, 0.067586854, 0.02205285, 0.10585704, 0.0019187625, 0.02292615, -0.05579389, -0.12685107, -0.053090915, 0.09078491, -0.08024285, -0.048394375, 0.048291054, 0.005297368, -0.13371743, 0.07062755, -0.028055951, 0.11641351, 0.040949542, -0.059874546, -0.047049187, 0.08895488, 0.051239606, 0.09586059, -0.050771516, -0.04769048, 0.06976975, -0.07658664, 0.08525725, 0.062273737, -0.07957566, 0.062458396, -0.04412453, 0.05457377, -0.03642159, -0.11413744, 0.03838526, 0.10781839, 0.085146256, -0.068699695, 0.054346777, -0.019719908, -0.06241431, 0.011369896, -0.06898923, -0.028507007, 0.02510393, 0.016116507, -0.033188276, 0.08344848, -0.081137866, -0.0638606, -0.058632497, -0.11102352, -0.115998834, -0.053089377, 0.08115882, 0.010495084, -0.07248322, 0.06327031, -0.06729195, -0.08616716, 0.0491381, 0.03849555, 0.071913116, -0.08161457, 0.042180166, 0.03696737, 0.0889396, -0.14214551, 0.03202212, 0.08997517, -0.022762584, 0.09040879, 0.038705938, 0.034391522, -0.072232515, -0.14290702, 0.009571497, -0.0007051759, 0.035237085, -0.022884935, 0.042852942, -0.0876345, 0.020585973, 0.03736133, -0.015954485, 0.023743052, 0.11263273, 0.07314136, -0.02975881, 0.029584039, -0.0776512, -0.066125974, -0.07552557, 0.015800845, -0.07878622, -0.028183717, 0.03897315, 0.014721217, 0.09437903, 0.11859671, 0.067535855, 0.06517679, -0.043478623, 0.035871454, -0.0030711633, -0.09847848, -0.010471712, -0.21987696, 0.021874463, 0.055178877, 0.06566329, 0.072528586, -0.027951682, 0.017823556, -0.05972433, -0.15240315, 0.018773772, 0.0943128, 0.019761968, -0.04957381, -0.04858463, -0.092570186, -0.04101, -0.13628905, 0.08879339, 0.050316863, -0.06113385, -0.061621435, 0.051891103, 0.02089023, -0.0019087347, 0.017151412, 0.06631558, -0.016676277, 0.0002377398, 0.05519349, -0.061692446, -0.119037494, 0.01730187, 